0.000000000000000000e+00
1.010101010101010187e-02
2.020202020202020374e-02
3.030303030303030387e-02
4.040404040404040747e-02
5.050505050505051108e-02
6.060606060606060774e-02
7.070707070707071829e-02
8.080808080808081495e-02
9.090909090909091161e-02
1.010101010101010222e-01
1.111111111111111188e-01
1.212121212121212155e-01
1.313131313131313260e-01
1.414141414141414366e-01
1.515151515151515194e-01
1.616161616161616299e-01
1.717171717171717404e-01
1.818181818181818232e-01
1.919191919191919338e-01
2.020202020202020443e-01
2.121212121212121271e-01
2.222222222222222376e-01
2.323232323232323482e-01
2.424242424242424310e-01
2.525252525252525415e-01
2.626262626262626521e-01
2.727272727272727626e-01
2.828282828282828731e-01
2.929292929292929282e-01
3.030303030303030387e-01
3.131313131313131493e-01
3.232323232323232598e-01
3.333333333333333703e-01
3.434343434343434809e-01
3.535353535353535914e-01
3.636363636363636465e-01
3.737373737373737570e-01
3.838383838383838675e-01
3.939393939393939781e-01
4.040404040404040886e-01
4.141414141414141992e-01
4.242424242424242542e-01
4.343434343434343647e-01
4.444444444444444753e-01
4.545454545454545858e-01
4.646464646464646964e-01
4.747474747474748069e-01
4.848484848484848619e-01
4.949494949494949725e-01
5.050505050505050830e-01
5.151515151515152491e-01
5.252525252525253041e-01
5.353535353535353591e-01
5.454545454545455252e-01
5.555555555555555802e-01
5.656565656565657463e-01
5.757575757575758013e-01
5.858585858585858563e-01
5.959595959595960224e-01
6.060606060606060774e-01
6.161616161616162435e-01
6.262626262626262985e-01
6.363636363636364646e-01
6.464646464646465196e-01
6.565656565656565746e-01
6.666666666666667407e-01
6.767676767676767957e-01
6.868686868686869618e-01
6.969696969696970168e-01
7.070707070707071829e-01
7.171717171717172379e-01
7.272727272727272929e-01
7.373737373737374590e-01
7.474747474747475140e-01
7.575757575757576801e-01
7.676767676767677351e-01
7.777777777777777901e-01
7.878787878787879562e-01
7.979797979797980112e-01
8.080808080808081773e-01
8.181818181818182323e-01
8.282828282828283983e-01
8.383838383838384534e-01
8.484848484848485084e-01
8.585858585858586745e-01
8.686868686868687295e-01
8.787878787878788955e-01
8.888888888888889506e-01
8.989898989898991166e-01
9.090909090909091717e-01
9.191919191919192267e-01
9.292929292929293927e-01
9.393939393939394478e-01
9.494949494949496138e-01
9.595959595959596689e-01
9.696969696969697239e-01
9.797979797979798899e-01
9.898989898989899450e-01
1.000000000000000000e+00
0.000000000000000000e+00
3.490797621729027078e-01
4.619557581293013970e-01
5.727861890435665959e-01
6.325006228659308949e-01
6.909762062314807052e-01
7.406450480303539141e-01
7.711827100066810381e-01
8.031042069715874643e-01
8.215189061715525431e-01
8.416530568231307408e-01
8.619985204329884132e-01
8.776480161868732699e-01
8.894132038747477598e-01
8.989155339246023280e-01
9.049354169796423042e-01
9.137493914642412784e-01
9.189858509745650883e-01
9.270467369779655797e-01
9.354784386719000588e-01
9.391878498291083011e-01
9.429861866342470478e-01
9.480857018966688532e-01
9.523949229319524923e-01
9.557274217219313694e-01
9.585566889656922385e-01
9.612634939556876645e-01
9.641922105952801525e-01
9.659971528817852260e-01
9.690416563849136855e-01
9.701298217313766292e-01
9.727160130506341540e-01
9.737788025514060308e-01
9.763121326685467727e-01
9.780983484775556125e-01
9.788280914753396678e-01
9.806931732264059232e-01
9.822175867538742722e-01
9.832405051123001005e-01
9.835818020406277284e-01
9.850526819801039835e-01
9.858290421149138449e-01
9.868588092411322288e-01
9.883524061538937477e-01
9.890316819006358395e-01
9.893825590936182746e-01
9.893825590936182746e-01
9.912406956450080520e-01
9.912406956450080520e-01
9.919352154496744456e-01
9.923384412561260248e-01
9.942943873321972159e-01
9.949769811888525828e-01
9.961099499930885504e-01
9.964535926047723979e-01
9.964535926047723979e-01
9.964535926047723979e-01
9.971385321447836514e-01
9.978755097238665162e-01
9.978755097238665162e-01
9.982099578844018106e-01
9.982099578844018106e-01
9.989367749270081642e-01
9.989367749270081642e-01
9.992804175386920118e-01
1.000000000000000000e+00
1.000000000000000000e+00
1.000000000000000000e+00
1.000000000000000000e+00
1.000000000000000000e+00
1.000000000000000000e+00
1.000000000000000000e+00
1.000000000000000000e+00
1.000000000000000000e+00
1.000000000000000000e+00
1.000000000000000000e+00
1.000000000000000000e+00
1.000000000000000000e+00
1.000000000000000000e+00
1.000000000000000000e+00
1.000000000000000000e+00
1.000000000000000000e+00
1.000000000000000000e+00
1.000000000000000000e+00
1.000000000000000000e+00
1.000000000000000000e+00
1.000000000000000000e+00
1.000000000000000000e+00
1.000000000000000000e+00
1.000000000000000000e+00
1.000000000000000000e+00
1.000000000000000000e+00
1.000000000000000000e+00
1.000000000000000000e+00
1.000000000000000000e+00
1.000000000000000000e+00
1.000000000000000000e+00
1.000000000000000000e+00
1.000000000000000000e+00
1.000000000000000000e+00
0.000000000000000000e+00
1.010101010101010187e-02
2.020202020202020374e-02
3.030303030303030387e-02
4.040404040404040747e-02
5.050505050505051108e-02
6.060606060606060774e-02
7.070707070707071829e-02
8.080808080808081495e-02
9.090909090909091161e-02
1.010101010101010222e-01
1.111111111111111188e-01
1.212121212121212155e-01
1.313131313131313260e-01
1.414141414141414366e-01
1.515151515151515194e-01
1.616161616161616299e-01
1.717171717171717404e-01
1.818181818181818232e-01
1.919191919191919338e-01
2.020202020202020443e-01
2.121212121212121271e-01
2.222222222222222376e-01
2.323232323232323482e-01
2.424242424242424310e-01
2.525252525252525415e-01
2.626262626262626521e-01
2.727272727272727626e-01
2.828282828282828731e-01
2.929292929292929282e-01
3.030303030303030387e-01
3.131313131313131493e-01
3.232323232323232598e-01
3.333333333333333703e-01
3.434343434343434809e-01
3.535353535353535914e-01
3.636363636363636465e-01
3.737373737373737570e-01
3.838383838383838675e-01
3.939393939393939781e-01
4.040404040404040886e-01
4.141414141414141992e-01
4.242424242424242542e-01
4.343434343434343647e-01
4.444444444444444753e-01
4.545454545454545858e-01
4.646464646464646964e-01
4.747474747474748069e-01
4.848484848484848619e-01
4.949494949494949725e-01
5.050505050505050830e-01
5.151515151515152491e-01
5.252525252525253041e-01
5.353535353535353591e-01
5.454545454545455252e-01
5.555555555555555802e-01
5.656565656565657463e-01
5.757575757575758013e-01
5.858585858585858563e-01
5.959595959595960224e-01
6.060606060606060774e-01
6.161616161616162435e-01
6.262626262626262985e-01
6.363636363636364646e-01
6.464646464646465196e-01
6.565656565656565746e-01
6.666666666666667407e-01
6.767676767676767957e-01
6.868686868686869618e-01
6.969696969696970168e-01
7.070707070707071829e-01
7.171717171717172379e-01
7.272727272727272929e-01
7.373737373737374590e-01
7.474747474747475140e-01
7.575757575757576801e-01
7.676767676767677351e-01
7.777777777777777901e-01
7.878787878787879562e-01
7.979797979797980112e-01
8.080808080808081773e-01
8.181818181818182323e-01
8.282828282828283983e-01
8.383838383838384534e-01
8.484848484848485084e-01
8.585858585858586745e-01
8.686868686868687295e-01
8.787878787878788955e-01
8.888888888888889506e-01
8.989898989898991166e-01
9.090909090909091717e-01
9.191919191919192267e-01
9.292929292929293927e-01
9.393939393939394478e-01
9.494949494949496138e-01
9.595959595959596689e-01
9.696969696969697239e-01
9.797979797979798899e-01
9.898989898989899450e-01
1.000000000000000000e+00
0.000000000000000000e+00
4.243143369833787260e-01
5.936915870068505408e-01
7.047552491409442288e-01
7.637256025998928610e-01
8.139128223425118325e-01
8.526790821231194917e-01
8.796348473427968440e-01
8.919575574286154884e-01
9.079830967444746381e-01
9.223767444944046545e-01
9.347079784431150395e-01
9.428953055264397420e-01
9.498845441550700652e-01
9.544954735351837138e-01
9.631226688212832787e-01
9.661548619368559576e-01
9.721162723169951558e-01
9.764595333889862783e-01
9.792484332777944278e-01
9.825319716015525895e-01
9.845945378847652529e-01
9.868926998620622948e-01
9.889644651774434081e-01
9.900504978919073551e-01
9.908948043569253405e-01
9.913828523815390037e-01
9.928499274463700175e-01
9.934604228228998135e-01
9.937014150138818724e-01
9.941908921933810817e-01
9.950297078049576971e-01
9.952737598733698565e-01
9.953955625530287454e-01
9.956362364399120590e-01
9.958802885083238854e-01
9.963633831143509090e-01
9.964838650420617672e-01
9.966030545533847151e-01
9.968440184088063205e-01
9.970864483502264175e-01
9.970864483502264175e-01
9.975696882903039020e-01
9.975696882903039020e-01
9.984150839524442711e-01
9.986588704424239626e-01
9.986588704424239626e-01
9.989013645160156329e-01
9.990205540273386919e-01
9.991438585896075253e-01
9.991438585896075253e-01
9.992679280685156096e-01
9.992679280685156096e-01
9.995153021096927493e-01
9.996393715886009446e-01
9.996393715886009446e-01
9.996393715886009446e-01
9.996393715886009446e-01
9.997585610999240036e-01
9.997585610999240036e-01
9.998808104886769410e-01
1.000000000000000000e+00
1.000000000000000000e+00
1.000000000000000000e+00
1.000000000000000000e+00
1.000000000000000000e+00
1.000000000000000000e+00
1.000000000000000000e+00
1.000000000000000000e+00
1.000000000000000000e+00
1.000000000000000000e+00
1.000000000000000000e+00
1.000000000000000000e+00
1.000000000000000000e+00
1.000000000000000000e+00
1.000000000000000000e+00
1.000000000000000000e+00
1.000000000000000000e+00
1.000000000000000000e+00
1.000000000000000000e+00
1.000000000000000000e+00
1.000000000000000000e+00
1.000000000000000000e+00
1.000000000000000000e+00
1.000000000000000000e+00
1.000000000000000000e+00
1.000000000000000000e+00
1.000000000000000000e+00
1.000000000000000000e+00
1.000000000000000000e+00
1.000000000000000000e+00
1.000000000000000000e+00
1.000000000000000000e+00
1.000000000000000000e+00
1.000000000000000000e+00
1.000000000000000000e+00
1.000000000000000000e+00
1.000000000000000000e+00
1.000000000000000000e+00
1.000000000000000000e+00
0.000000000000000000e+00
1.010101010101010187e-02
2.020202020202020374e-02
3.030303030303030387e-02
4.040404040404040747e-02
5.050505050505051108e-02
6.060606060606060774e-02
7.070707070707071829e-02
8.080808080808081495e-02
9.090909090909091161e-02
1.010101010101010222e-01
1.111111111111111188e-01
1.212121212121212155e-01
1.313131313131313260e-01
1.414141414141414366e-01
1.515151515151515194e-01
1.616161616161616299e-01
1.717171717171717404e-01
1.818181818181818232e-01
1.919191919191919338e-01
2.020202020202020443e-01
2.121212121212121271e-01
2.222222222222222376e-01
2.323232323232323482e-01
2.424242424242424310e-01
2.525252525252525415e-01
2.626262626262626521e-01
2.727272727272727626e-01
2.828282828282828731e-01
2.929292929292929282e-01
3.030303030303030387e-01
3.131313131313131493e-01
3.232323232323232598e-01
3.333333333333333703e-01
3.434343434343434809e-01
3.535353535353535914e-01
3.636363636363636465e-01
3.737373737373737570e-01
3.838383838383838675e-01
3.939393939393939781e-01
4.040404040404040886e-01
4.141414141414141992e-01
4.242424242424242542e-01
4.343434343434343647e-01
4.444444444444444753e-01
4.545454545454545858e-01
4.646464646464646964e-01
4.747474747474748069e-01
4.848484848484848619e-01
4.949494949494949725e-01
5.050505050505050830e-01
5.151515151515152491e-01
5.252525252525253041e-01
5.353535353535353591e-01
5.454545454545455252e-01
5.555555555555555802e-01
5.656565656565657463e-01
5.757575757575758013e-01
5.858585858585858563e-01
5.959595959595960224e-01
6.060606060606060774e-01
6.161616161616162435e-01
6.262626262626262985e-01
6.363636363636364646e-01
6.464646464646465196e-01
6.565656565656565746e-01
6.666666666666667407e-01
6.767676767676767957e-01
6.868686868686869618e-01
6.969696969696970168e-01
7.070707070707071829e-01
7.171717171717172379e-01
7.272727272727272929e-01
7.373737373737374590e-01
7.474747474747475140e-01
7.575757575757576801e-01
7.676767676767677351e-01
7.777777777777777901e-01
7.878787878787879562e-01
7.979797979797980112e-01
8.080808080808081773e-01
8.181818181818182323e-01
8.282828282828283983e-01
8.383838383838384534e-01
8.484848484848485084e-01
8.585858585858586745e-01
8.686868686868687295e-01
8.787878787878788955e-01
8.888888888888889506e-01
8.989898989898991166e-01
9.090909090909091717e-01
9.191919191919192267e-01
9.292929292929293927e-01
9.393939393939394478e-01
9.494949494949496138e-01
9.595959595959596689e-01
9.696969696969697239e-01
9.797979797979798899e-01
9.898989898989899450e-01
1.000000000000000000e+00
0.000000000000000000e+00
3.022611377983166342e-02
6.045222755966332684e-02
9.067834133949496944e-02
1.209044551193266537e-01
1.511305688991583240e-01
1.813566826789899389e-01
2.115827964588216370e-01
2.418089102386533074e-01
2.720350240184849500e-01
3.022611377983166481e-01
3.324872515781482352e-01
3.627133653579798778e-01
3.929394791378115759e-01
4.231655929176432740e-01
4.533917066974749166e-01
4.836178204773066147e-01
5.138439342571381463e-01
5.440700480369698999e-01
5.742961618168015425e-01
6.045222755966332961e-01
6.347483893764647167e-01
6.649745031562964703e-01
6.952006169361283350e-01
7.254267307159597555e-01
7.556528444957915092e-01
7.858789582756231518e-01
8.161050720554549054e-01
8.463311858352865480e-01
8.765572996151181906e-01
9.063293543762552806e-01
9.267492897683420328e-01
9.389326858979650803e-01
9.400541299513516247e-01
9.409624007096646370e-01
9.418706714679775382e-01
9.427789422262902175e-01
9.436872129846032298e-01
9.445954837429159090e-01
9.455037545012288103e-01
9.464120252595418226e-01
9.473202960178547238e-01
9.482285667761674031e-01
9.491368375344804154e-01
9.500451082927933166e-01
9.509533790511059959e-01
9.518616498094190082e-01
9.527699205677319094e-01
9.536781913260444776e-01
9.545864620843573789e-01
9.554947328426701691e-01
9.564030036009830704e-01
9.573112743592959717e-01
9.582195451176087619e-01
9.591278158759216632e-01
9.600360866342345645e-01
9.609443573925473547e-01
9.618526281508602560e-01
9.627608989091729352e-01
9.636691696674859475e-01
9.645774404257988488e-01
9.654857111841115280e-01
9.663939819424245403e-01
9.673022527007374416e-01
9.682105234590501208e-01
9.691187942173632441e-01
9.700270649756760344e-01
9.709353357339887136e-01
9.718436064923015039e-01
9.727518772506144051e-01
9.736601480089271954e-01
9.745684187672400967e-01
9.754766895255529979e-01
9.763849602838658992e-01
9.772932310421786894e-01
9.782015018004915907e-01
9.791097725588043810e-01
9.800180433171172822e-01
9.809263140754300725e-01
9.818345848337429738e-01
9.827428555920558750e-01
9.836511263503686653e-01
9.845593971086815666e-01
9.854676678669944678e-01
9.863759386253073691e-01
9.872842093836201594e-01
9.881924801419330606e-01
9.891007509002459619e-01
9.900090216585587521e-01
9.909172924168714314e-01
9.918255631751842216e-01
9.927338339334971229e-01
9.936421046918100242e-01
9.945503754501228144e-01
9.954586462084357157e-01
9.963669169667486170e-01
9.972751877250614072e-01
9.981834584833743085e-01
9.990917292416872098e-01
1.000000000000000000e+00
0.000000000000000000e+00
1.010101010101010187e-02
2.020202020202020374e-02
3.030303030303030387e-02
4.040404040404040747e-02
5.050505050505051108e-02
6.060606060606060774e-02
7.070707070707071829e-02
8.080808080808081495e-02
9.090909090909091161e-02
1.010101010101010222e-01
1.111111111111111188e-01
1.212121212121212155e-01
1.313131313131313260e-01
1.414141414141414366e-01
1.515151515151515194e-01
1.616161616161616299e-01
1.717171717171717404e-01
1.818181818181818232e-01
1.919191919191919338e-01
2.020202020202020443e-01
2.121212121212121271e-01
2.222222222222222376e-01
2.323232323232323482e-01
2.424242424242424310e-01
2.525252525252525415e-01
2.626262626262626521e-01
2.727272727272727626e-01
2.828282828282828731e-01
2.929292929292929282e-01
3.030303030303030387e-01
3.131313131313131493e-01
3.232323232323232598e-01
3.333333333333333703e-01
3.434343434343434809e-01
3.535353535353535914e-01
3.636363636363636465e-01
3.737373737373737570e-01
3.838383838383838675e-01
3.939393939393939781e-01
4.040404040404040886e-01
4.141414141414141992e-01
4.242424242424242542e-01
4.343434343434343647e-01
4.444444444444444753e-01
4.545454545454545858e-01
4.646464646464646964e-01
4.747474747474748069e-01
4.848484848484848619e-01
4.949494949494949725e-01
5.050505050505050830e-01
5.151515151515152491e-01
5.252525252525253041e-01
5.353535353535353591e-01
5.454545454545455252e-01
5.555555555555555802e-01
5.656565656565657463e-01
5.757575757575758013e-01
5.858585858585858563e-01
5.959595959595960224e-01
6.060606060606060774e-01
6.161616161616162435e-01
6.262626262626262985e-01
6.363636363636364646e-01
6.464646464646465196e-01
6.565656565656565746e-01
6.666666666666667407e-01
6.767676767676767957e-01
6.868686868686869618e-01
6.969696969696970168e-01
7.070707070707071829e-01
7.171717171717172379e-01
7.272727272727272929e-01
7.373737373737374590e-01
7.474747474747475140e-01
7.575757575757576801e-01
7.676767676767677351e-01
7.777777777777777901e-01
7.878787878787879562e-01
7.979797979797980112e-01
8.080808080808081773e-01
8.181818181818182323e-01
8.282828282828283983e-01
8.383838383838384534e-01
8.484848484848485084e-01
8.585858585858586745e-01
8.686868686868687295e-01
8.787878787878788955e-01
8.888888888888889506e-01
8.989898989898991166e-01
9.090909090909091717e-01
9.191919191919192267e-01
9.292929292929293927e-01
9.393939393939394478e-01
9.494949494949496138e-01
9.595959595959596689e-01
9.696969696969697239e-01
9.797979797979798899e-01
9.898989898989899450e-01
1.000000000000000000e+00
0.000000000000000000e+00
3.695744894839185224e-01
4.910950306280318367e-01
5.782889911659290227e-01
6.403391759922165694e-01
7.021827209798633396e-01
7.400090441135265262e-01
7.713702509340139013e-01
7.989341091402054618e-01
8.183470959101331044e-01
8.395195974130643668e-01
8.583222096594506079e-01
8.715859270298225159e-01
8.850942494968709884e-01
8.972376285033586418e-01
9.052086677427999550e-01
9.139712461561144696e-01
9.197372503431487933e-01
9.266525806996785963e-01
9.332688022358484048e-01
9.399592558286794519e-01
9.439097415223718368e-01
9.490496685953129230e-01
9.534337846855290843e-01
9.564320611884993273e-01
9.596840068944108015e-01
9.625967196425673222e-01
9.655947870518553078e-01
9.674604919236742262e-01
9.703982949364805544e-01
9.729505240378208963e-01
9.736473881493192817e-01
9.754327688197694801e-01
9.775643745028899101e-01
9.794006863796926865e-01
9.815354875231193654e-01
9.840643187813993276e-01
9.855496382136804678e-01
9.869987735462613099e-01
9.880852129820842933e-01
9.884324352043065698e-01
9.887808672600556514e-01
9.899114282333890680e-01
9.906973101503849799e-01
9.906973101503849799e-01
9.906973101503849799e-01
9.906973101503849799e-01
9.910622736540346533e-01
9.917579279320060115e-01
9.917579279320060115e-01
9.935193200915627409e-01
9.953488828633358931e-01
9.956973149190849748e-01
9.964299156516857048e-01
9.964299156516857048e-01
9.971231752936416948e-01
9.978366978821643363e-01
9.981913078112423232e-01
9.981913078112423232e-01
9.989024357637497076e-01
9.992673992673992700e-01
9.996336996336996350e-01
9.996336996336996350e-01
9.996336996336996350e-01
1.000000000000000000e+00
1.000000000000000000e+00
1.000000000000000000e+00
1.000000000000000000e+00
1.000000000000000000e+00
1.000000000000000000e+00
1.000000000000000000e+00
1.000000000000000000e+00
1.000000000000000000e+00
1.000000000000000000e+00
1.000000000000000000e+00
1.000000000000000000e+00
1.000000000000000000e+00
1.000000000000000000e+00
1.000000000000000000e+00
1.000000000000000000e+00
1.000000000000000000e+00
1.000000000000000000e+00
1.000000000000000000e+00
1.000000000000000000e+00
1.000000000000000000e+00
1.000000000000000000e+00
1.000000000000000000e+00
1.000000000000000000e+00
1.000000000000000000e+00
1.000000000000000000e+00
1.000000000000000000e+00
1.000000000000000000e+00
1.000000000000000000e+00
1.000000000000000000e+00
1.000000000000000000e+00
1.000000000000000000e+00
1.000000000000000000e+00
1.000000000000000000e+00
1.000000000000000000e+00
1.000000000000000000e+00
